n_tu: 3678.0
sys_cycle_worst_ms: 0.897
sys_cycle_process_max_ms: 0.897
sys_cycle_mean_ms: 0.7945445894507884
sys_cycle_median_ms: 0.796
sys_cycle_max_ms: 0.897
sys_cycle_std_ms: 0.012087929923896967
mean_model_quality_score: 0.1905882523331184
system_quality_score: 0.1905882523331184
ok_rate: 0.9998640935036694
offload_rate: 0.0
watchdog_rate: 0.0
