phase: f03_windows
variant: v3_0051
artifacts:
  dataset:
    path: 03_windows.parquet
    sha256: 157be6229f8b3635152fa1ede400cb422783201ab69e3be3e418d9b07b576a7a
  catalog:
    path: 03_events_catalog.json
    sha256: 58dcc912cf3523dff31a2fa50eca91f0758147e1748a8051923c4398c52674b3
  report:
    path: 03_windows_report.html
    sha256: de340c71e907eb5abbb750e201bef8566c8d9e805b21a13752062bfbb4e0eb7a
exports:
  Tu: 10
  OW: 90
  LT: 10
  PW: 10
  Ratio_PW_OW: 0.1111111111111111
  event_type_count: 20
  window_strategy: synchro
  nan_mode: discard
  measure_name: Island_mode_MCCB_AC_Voltage
  parent_f02: v2_0024
  n_windows: 1189433
  n_unique_ow_hash: 655
  n_unique_pw_hash: 136
  dup_ratio_ow: 0.9994493174478932
  dup_ratio_pw: 0.9998856598059748
  seq_len_mean_ow: 5.860732802940561
  seq_len_mean_pw: 0.6511262088743124
  seq_len_std_ow: 5.686440736557452
  seq_len_std_pw: 1.2858421384674832
metrics:
  execution_time: 12.916384457999982
  n_events_in: 3887242
  n_windows_out: 1189433
provenance:
  generated_at: '2026-06-22T21:42:37.187392+00:00'
