phase: f05_modeling
variant: v512
artifacts:
  model:
    path: 05_modeling_model.h5
    sha256: 6531c70eb9977ea039505679c51fd2d5a8146a6ec6da5ebc10197aa4b83ff4b4
  labeled_dataset:
    path: 05_modeling_training_dataset.parquet
    sha256: 4f1ea920760b5129b19cf8ca34c6f2e6621b21161b15d1ba23658710a1b6dc9e
  history:
    path: 05_modeling_history.json
    sha256: 5fa15ee2168862f66e373336b7bf912877c91e7300d0d1cb3dd0f38157ee1579
  report:
    path: 05_modeling_report.html
    sha256: 7fbb63e3ec385b04ec2c4e0bd71c8a86166b58c553995d3d3255f785a1254ff2
exports:
  Tu: 10
  OW: 6
  LT: 1
  PW: 1
  event_type_count: 221
  prediction_name: PVPCS_Active_Power_any-to-80_100
  model_family: cnn1d
  trainable: true
  decision_threshold: 0.40219032764434814
  best_val_recall: 0.5792746113989637
  test_precision: 0.7847222222222222
  test_recall: 0.5854922279792746
  test_f1: 0.6706231454005934
metrics:
  execution_time: 253.17971861700062
  n_train: 18503
  n_val: 3965
  n_test: 3966
  positive_ratio_train: 0.24341998594822462
  tp: 565
  tn: 2846
  fp: 155
  fn: 400
provenance:
  generated_at: '2026-03-28T03:55:35.326084+00:00'
  parent_phase: f04_targets
  parent_variant: v412
mlflow_registration:
  experiment_name: F05_PVPCS_Active_Power_any-to-80_100
  run_name: PVPCS_Active_Power_any-to-80_100__v512
  metrics:
    val_recall: 0.5792746113989637
    test_precision: 0.7847222222222222
    test_recall: 0.5854922279792746
    test_f1: 0.6706231454005934
    test_tp: 565
    test_tn: 2846
    test_fp: 155
    test_fn: 400
  params:
    batch_size: 256
    learning_rate: 0.0005
    n_layers: 2
    units: 64
    dropout: 0.2
    embed_dim: 64
    filters: 64
    kernel_size: 5
    model_family: cnn1d
  artifacts:
  - /workspace/executions/f05_modeling/v512/05_modeling_model.h5
  - /workspace/executions/f05_modeling/v512/05_modeling_history.json
  - /workspace/executions/f05_modeling/v512/05_modeling_trials_summary.json
