phase: f03_windows
variant: v3_0032
artifacts:
  dataset:
    path: 03_windows.parquet
    sha256: 15f403621169f1ece2ebc6bc9c74442d85b1a8b4de7d47163df205c61d09c2f3
  catalog:
    path: 03_events_catalog.json
    sha256: 55fbd91fd0894329b4c48711b3d99911e73b93be53545261bfd200fed175ed6b
  report:
    path: 03_windows_report.html
    sha256: 7d5dcf7a9f897dac9d3f84a321c12d9411368f25a9ae258ed4cee92ef8b8b53d
exports:
  Tu: 10
  OW: 90
  LT: 10
  PW: 10
  Ratio_PW_OW: 0.1111111111111111
  event_type_count: 30
  window_strategy: synchro
  nan_mode: discard
  measure_name: Outlet_Temperature
  parent_f02: v2_0005
  n_windows: 137682
  n_unique_ow_hash: 589
  n_unique_pw_hash: 101
  dup_ratio_ow: 0.9957220261181563
  dup_ratio_pw: 0.9992664255312967
  seq_len_mean_ow: 13.646228265132697
  seq_len_mean_pw: 1.516247585014744
  seq_len_std_ow: 12.519901934106226
  seq_len_std_pw: 2.028261117665154
metrics:
  execution_time: 10.706700740000002
  n_events_in: 3887242
  n_windows_out: 137682
provenance:
  generated_at: '2026-06-22T21:42:01.660960+00:00'
