phase: f05_modeling
variant: v501
artifacts:
  model:
    path: 05_modeling_model.h5
    sha256: 6983d1b8d351eeceda3c9bf8d9b80cea846aa1a1d197c5f4e4339d48a469164f
  labeled_dataset:
    path: 05_modeling_training_dataset.parquet
    sha256: 13bb83a7ae273cb361839c9ecab999dc7a9c34480465e3652315b00fcf777e70
  history:
    path: 05_modeling_history.json
    sha256: 443a20a271433314dcd99ae972118f3757f1cbfaad11617765657e32ecf070fe
  report:
    path: 05_modeling_report.html
    sha256: b8b00440a069357cdae2fad6eefa9f2b39d3dc37f408e1351c777c50c7832003
exports:
  Tu: 10
  OW: 6
  LT: 1
  PW: 1
  event_type_count: 221
  prediction_name: Battery_Active_Power_Set_Response_any-to-80_100
  model_family: cnn1d
  trainable: true
  decision_threshold: 0.5540876984596252
  best_val_recall: 0.07142857142857142
  test_precision: 0.2727272727272727
  test_recall: 0.21428571428571427
  test_f1: 0.24
metrics:
  execution_time: 163.93204953299983
  n_train: 14066
  n_val: 3015
  n_test: 3015
  positive_ratio_train: 0.004834352338973411
  tp: 3
  tn: 2993
  fp: 8
  fn: 11
provenance:
  generated_at: '2026-03-27T11:22:20.719502+00:00'
  parent_phase: f04_targets
  parent_variant: v401
mlflow_registration:
  experiment_name: F05_Battery_Active_Power_Set_Response_any-to-80_100
  run_name: Battery_Active_Power_Set_Response_any-to-80_100__v501
  metrics:
    val_recall: 0.07142857142857142
    test_precision: 0.2727272727272727
    test_recall: 0.21428571428571427
    test_f1: 0.24
    test_tp: 3
    test_tn: 2993
    test_fp: 8
    test_fn: 11
  params:
    batch_size: 128
    learning_rate: 0.0005
    n_layers: 2
    units: 64
    dropout: 0.0
    embed_dim: 64
    filters: 128
    kernel_size: 3
    model_family: cnn1d
  artifacts:
  - /workspace/executions/f05_modeling/v501/05_modeling_model.h5
  - /workspace/executions/f05_modeling/v501/05_modeling_history.json
  - /workspace/executions/f05_modeling/v501/05_modeling_trials_summary.json
