n_tu: 3223.0
sys_cycle_worst_ms: 1.631
sys_cycle_process_max_ms: 1.631
sys_cycle_mean_ms: 0.8672289792119144
sys_cycle_median_ms: 0.867
sys_cycle_max_ms: 1.631
sys_cycle_std_ms: 0.019349272782889948
mean_model_quality_score: 0.23802069552863916
system_quality_score: 0.23802069552863916
ok_rate: 0.9998448890957035
offload_rate: 0.0
watchdog_rate: 0.0
