n_tu: 228.0
sys_cycle_worst_ms: 0.898
sys_cycle_process_max_ms: 0.898
sys_cycle_mean_ms: 0.7764736842105263
sys_cycle_median_ms: 0.777
sys_cycle_max_ms: 0.898
sys_cycle_std_ms: 0.01431672468565484
mean_model_quality_score: 0.008588088101873531
system_quality_score: 0.008588088101873531
ok_rate: 1.0
offload_rate: 0.0
watchdog_rate: 0.0
