n_tu: 3678.0
sys_cycle_worst_ms: 0.898
sys_cycle_process_max_ms: 0.898
sys_cycle_mean_ms: 0.7950203915171289
sys_cycle_median_ms: 0.795
sys_cycle_max_ms: 0.898
sys_cycle_std_ms: 0.013134592826620188
mean_model_quality_score: 0.19052880558826407
system_quality_score: 0.19052880558826407
ok_rate: 0.9998640750305832
offload_rate: 0.0
watchdog_rate: 0.0
