phase: f03_windows
variant: v3_0008
artifacts:
  dataset:
    path: 03_windows.parquet
    sha256: 58e01fe1b80b21fbae06d4ae109a986133376f978e24302c17aab054ca70473a
  catalog:
    path: 03_events_catalog.json
    sha256: 44d28a388c2e89c4ae573e1c6a7d8e34badcecacdc6a0555164e241aaa9d6de4
  report:
    path: 03_windows_report.html
    sha256: 44c48d876736664b67444a0a30d05b2189a5e60a94e07e24ffb251355aaab970
exports:
  Tu: 10
  OW: 50
  LT: 10
  PW: 10
  Ratio_PW_OW: 0.2
  event_type_count: 20
  window_strategy: synchro
  nan_mode: discard
  measure_name: MG-LV-MSB_AC_Voltage
  parent_f02: v2_0008
  n_windows: 273463
  n_unique_ow_hash: 65
  n_unique_pw_hash: 25
  dup_ratio_ow: 0.9997623078807736
  dup_ratio_pw: 0.9999085799541437
  seq_len_mean_ow: 4.19965406654648
  seq_len_mean_pw: 0.839930813309296
  seq_len_std_ow: 4.0275220728043974
  seq_len_std_pw: 1.3832784223414227
metrics:
  execution_time: 10.100957959999988
  n_events_in: 3887242
  n_windows_out: 273463
provenance:
  generated_at: '2026-06-20T12:22:16.633155+00:00'
