phase: f03_windows
variant: v3_0048
artifacts:
  dataset:
    path: 03_windows.parquet
    sha256: 1101bedca6458eca352c95492cd514df651c3be8bff43ca0192c2cb50211ef37
  catalog:
    path: 03_events_catalog.json
    sha256: 1154e69477ec6492919fe2f1ba5a409f44e7deb2d8568932d32fbf19b15b024b
  report:
    path: 03_windows_report.html
    sha256: 5a8f1124e0107bf50a060822c651886b5d3807040c2bc2f8db3134f993feb2df
exports:
  Tu: 10
  OW: 90
  LT: 10
  PW: 10
  Ratio_PW_OW: 0.1111111111111111
  event_type_count: 20
  window_strategy: synchro
  nan_mode: discard
  measure_name: FC_Active_Power
  parent_f02: v2_0021
  n_windows: 27415
  n_unique_ow_hash: 111
  n_unique_pw_hash: 38
  dup_ratio_ow: 0.9959511216487325
  dup_ratio_pw: 0.9986138975013679
  seq_len_mean_ow: 1.7924493890206092
  seq_len_mean_pw: 0.19916104322451214
  seq_len_std_ow: 1.5502882486711305
  seq_len_std_pw: 0.4822049750212289
metrics:
  execution_time: 9.419796286000008
  n_events_in: 3887242
  n_windows_out: 27415
provenance:
  generated_at: '2026-06-22T21:34:04.451574+00:00'
