n_tu: 236.0
sys_cycle_worst_ms: 0.868
sys_cycle_process_max_ms: 0.868
sys_cycle_mean_ms: 0.7331694915254237
sys_cycle_median_ms: 0.742
sys_cycle_max_ms: 0.868
sys_cycle_std_ms: 0.018048571512442716
mean_model_quality_score: 0.0014360938247965534
system_quality_score: 0.0014360938247965534
ok_rate: 0.9957805907172996
offload_rate: 0.0
watchdog_rate: 0.0
