n_tu: 2405.0
sys_cycle_worst_ms: 0.885
sys_cycle_process_max_ms: 0.885
sys_cycle_mean_ms: 0.7744706860706861
sys_cycle_median_ms: 0.775
sys_cycle_max_ms: 0.885
sys_cycle_std_ms: 0.011370991713296615
mean_model_quality_score: 0.3790954415954416
system_quality_score: 0.3790954415954416
ok_rate: 0.9995843724023276
offload_rate: 0.0
watchdog_rate: 0.0
