phase: f05_modeling
variant: v506
artifacts:
  model:
    path: 05_modeling_model.h5
    sha256: dffbe1c57ba0512512f45ed9a0505313ccc9e0ab8e79469771a87f2bc76ff58d
  labeled_dataset:
    path: 05_modeling_training_dataset.parquet
    sha256: 4c3b0cf82dcd2f0101cd89fc073d96e317dca6fd2a86c1a347a9ea76f24d0409
  history:
    path: 05_modeling_history.json
    sha256: 7ad4beb8885058ca5e5f7f659900094e995ba0ce600ac41ba07e90b011e29b20
  report:
    path: 05_modeling_report.html
    sha256: 4ee8329147d1d8e820670e938ea9026652f6ca87918ac05daa6d4000cd67e04c
exports:
  Tu: 10
  OW: 6
  LT: 1
  PW: 1
  event_type_count: 221
  prediction_name: FC_Active_Power_FC_END_Set_any-to-80_100
  model_family: cnn1d
  trainable: true
  decision_threshold: 0.0008009582525119185
  best_val_recall: 0.0
  test_precision: 0.0
  test_recall: 0.0
  test_f1: 0.0
metrics:
  execution_time: 163.14050769899995
  n_train: 14004
  n_val: 3001
  n_test: 3001
  positive_ratio_train: 0.00028563267637817766
  tp: 0
  tn: 3000
  fp: 0
  fn: 1
provenance:
  generated_at: '2026-03-27T12:04:52.212623+00:00'
  parent_phase: f04_targets
  parent_variant: v406
mlflow_registration:
  experiment_name: F05_FC_Active_Power_FC_END_Set_any-to-80_100
  run_name: FC_Active_Power_FC_END_Set_any-to-80_100__v506
  metrics:
    val_recall: 0.0
    test_precision: 0.0
    test_recall: 0.0
    test_f1: 0.0
    test_tp: 0
    test_tn: 3000
    test_fp: 0
    test_fn: 1
  params:
    batch_size: 128
    learning_rate: 0.0005
    n_layers: 2
    units: 64
    dropout: 0.0
    embed_dim: 64
    filters: 128
    kernel_size: 3
    model_family: cnn1d
  artifacts:
  - /workspace/executions/f05_modeling/v506/05_modeling_model.h5
  - /workspace/executions/f05_modeling/v506/05_modeling_history.json
  - /workspace/executions/f05_modeling/v506/05_modeling_trials_summary.json
